1.553777023670199924e+02
1.080769466113103903e+02
1.104360303380961597e+02
9.965319117692098416e+01
1.164913707542479386e+02
1.168169719177668213e+02
1.259976879901760185e+02
1.374117829484674189e+02
1.362928100927048263e+02
1.409039439569754109e+02
1.297956440260806801e+02
1.352700734922374011e+02
1.493140339239156731e+02
1.275404107804952218e+02
1.510139736071811853e+02
1.382994247365995193e+02
1.660416981674852650e+02
1.527383461445793387e+02
1.382331272116922776e+02
1.491874546515648490e+02
1.592929158260020301e+02
1.524566923381027550e+02
1.374915355055900363e+02
1.420067556093757730e+02
1.716037281381774449e+02
1.575804769819301043e+02
1.551202572361528951e+02
1.515590738609172945e+02
1.505675658191071022e+02
1.511100656869811587e+02
1.710338369109860537e+02
1.646237311381240431e+02
1.526579937407060754e+02
1.676235885915460528e+02
1.551259497366637845e+02
1.631590337161044886e+02
1.712956414138854200e+02
1.488174529747427641e+02
1.778489990034905475e+02
1.552422719245533074e+02
1.789269935147677586e+02
1.546616909137183313e+02
1.608856175507474120e+02
1.771054533625345471e+02
1.633036325742936583e+02
1.667817238520857472e+02
1.592065875590545261e+02
1.785072062564375699e+02
1.953089830589752012e+02
1.605173995964532594e+02
1.564658152234108286e+02
1.681463562084059333e+02
1.689730020911257213e+02
1.738670740658826332e+02
1.616845308560608601e+02
1.656694963864665340e+02
1.680391078119280053e+02
1.812131563571492734e+02
1.622730423689789916e+02
1.621105224004564889e+02
