-5.159410609352972799e+00
-4.863130148027984490e+00
-5.160206802074725374e+00
-5.233193340508834446e+00
-5.497279203456381325e+00
-5.505650685893164642e+00
-5.642970940098166466e+00
-5.667594118250740998e+00
-5.702375315702878922e+00
-5.782812566053672221e+00
-6.053017594921055178e+00
-6.060018786517056277e+00
-5.873639953136444269e+00
-6.238796987230815994e+00
-6.519311524149197012e+00
-6.416176965362147655e+00
-6.276359591520193959e+00
-6.369084890931844711e+00
-6.365594086362354354e+00
-6.276209229514712717e+00
-6.731632907239217367e+00
-6.537249300239690974e+00
-6.767451256972092821e+00
-6.597777472167718926e+00
