2.481340332031250000e+03
1.870452331542968750e+03
1.906637105305989508e+03
1.676318616231282476e+03
1.947124457295735510e+03
1.947275458272298010e+03
2.098125085085913724e+03
2.256467217654273554e+03
2.275530639963301383e+03
2.492617114572676201e+03
2.277910320170568866e+03
2.276783194228641605e+03
2.547452124409969201e+03
2.177371078255181601e+03
2.564260400995657619e+03
2.310029427494556330e+03
2.946069788493232863e+03
2.621114078780253749e+03
2.368205552544761304e+03
2.538996818216969587e+03
2.713145970951297386e+03
2.736047092373562919e+03
2.398693887753906893e+03
2.447574612307294501e+03
2.981732010000958326e+03
2.755419187196911480e+03
2.764425147575091614e+03
2.649360868712387855e+03
2.707210360290087920e+03
2.685257935200525480e+03
3.212788369906697881e+03
3.022027390238136377e+03
2.765389719978747053e+03
3.010681411409954308e+03
2.843811581043041770e+03
2.898783559685467026e+03
3.110609049334004794e+03
2.682486107386400818e+03
3.233871647183922505e+03
2.827535105784606003e+03
3.257152516188803020e+03
2.775231520483088389e+03
2.923145204928053772e+03
3.127950666311113764e+03
2.940946923470733509e+03
3.041659255943010066e+03
2.922614227775785821e+03
3.260669544697536821e+03
3.403054266089523480e+03
2.885987090323139910e+03
2.794630441535401587e+03
3.095733193748054873e+03
3.055761255325367529e+03
3.148884330828355360e+03
2.947520246857086022e+03
2.967085215577400049e+03
3.039023891505999018e+03
3.251702172866532692e+03
2.973709468427045977e+03
2.968574870299936720e+03
